[
  {
    "id": 10000000000,
    "title": "International Webinar on Design & Utility Patent Filing, Publication and Grant Process",
    "description": "Eudoxia Education is inviting you to a scheduled Zoom meeting.",
    "date": "2025-07-12",
    "time": "18:50 - 20:50",
    "platform": "Zoom",
    "type": "Webinar",
    "joinLink": "https://us02web.zoom.us/j/88953104618?pwd=adWTn4OKXTuL9HYlaQ8T9IeV4JOiVU.1",
    "meetingId": "889 5310 4618",
    "passcode": "032665",
    "dialNumbers": [
      "+1 309 205 3325 US",
      "+1 312 626 6799 US (Chicago)",
      "+1 346 248 7799 US (Houston)",
      "+1 360 209 5623 US",
      "+1 386 347 5053 US",
      "+1 507 473 4847 US",
      "+1 564 217 2000 US",
      "+1 646 558 8656 US (New York)",
      "+1 646 931 3860 US",
      "+1 669 444 9171 US",
      "+1 669 900 9128 US (San Jose)",
      "+1 689 278 1000 US",
      "+1 719 359 4580 US",
      "+1 253 205 0468 US",
      "+1 253 215 8782 US (Tacoma)",
      "+1 301 715 8592 US (Washington DC)",
      "+1 305 224 1968 US"
    ],
    "localNumberLink": "https://us02web.zoom.us/u/kbQdDFMW8d"
  },
  {
    "id": 1,
    "title": "International Webinar on Design & Utility Patent Development, Patent Search, and Drafting Process",
    "description": "Eudoxia Education is inviting you to a scheduled Zoom meeting.",
    "date": "2025-07-11",
    "time": "18:55 - 20:55",
    "platform": "Zoom",
    "type": "Webinar",
    "joinLink": "https://us02web.zoom.us/j/84648074746?pwd=vvaaepLfujLAGgB4Zda5cQLxO8uH5r.1",
    "meetingId": "846 4807 4746",
    "passcode": "238159",
    "dialNumbers": [
      "+1 507 473 4847 US",
      "+1 564 217 2000 US",
      "+1 646 558 8656 US (New York)",
      "+1 646 931 3860 US",
      "+1 669 444 9171 US",
      "+1 669 900 9128 US (San Jose)",
      "+1 689 278 1000 US",
      "+1 719 359 4580 US",
      "+1 253 205 0468 US",
      "+1 253 215 8782 US (Tacoma)",
      "+1 301 715 8592 US (Washington DC)",
      "+1 305 224 1968 US",
      "+1 309 205 3325 US",
      "+1 312 626 6799 US (Chicago)",
      "+1 346 248 7799 US (Houston)",
      "+1 360 209 5623 US",
      "+1 386 347 5053 US"
    ],
    "localNumberLink": "https://us02web.zoom.us/u/keIkEIZh9P"
  },
  {
    "id": 23777677,
    "title": "International Webinar on Reference Management with AI Powered Reference Management Software",
    "description": "Eudoxia Education is inviting you to a scheduled Zoom meeting.",
    "date": "2025-07-14",
    "time": "18:50 - 20:50",
    "platform": "Zoom",
    "type": "Webinar",
    "joinLink": "https://us02web.zoom.us/j/84640399071?pwd=yCLNOFhvNwGtH2liKyPTgtiWaFphHr.1",
    "meetingId": "846 4039 9071",
    "passcode": "690644",
    "dialNumbers": [
      "+1 669 900 9128 US (San Jose)",
      "+1 689 278 1000 US",
      "+1 719 359 4580 US",
      "+1 253 205 0468 US",
      "+1 253 215 8782 US (Tacoma)",
      "+1 301 715 8592 US (Washington DC)",
      "+1 305 224 1968 US",
      "+1 309 205 3325 US",
      "+1 312 626 6799 US (Chicago)",
      "+1 346 248 7799 US (Houston)",
      "+1 360 209 5623 US",
      "+1 386 347 5053 US",
      "+1 507 473 4847 US",
      "+1 564 217 2000 US",
      "+1 646 558 8656 US (New York)",
      "+1 646 931 3860 US",
      "+1 669 444 9171 US"
    ],
    "localNumberLink": "https://us02web.zoom.us/u/kdfbsVSobH"
  },
  {
    "id": 3,
    "title": "International Webinar on Ethical Application of AI and Research Software in Manuscript Drafting and Publication",
    "description": "Eudoxia Education is inviting you to a scheduled Zoom meeting.",
    "date": "2025-07-18",
    "time": "18:55 - 20:55",
    "platform": "Zoom",
    "type": "Webinar",
    "joinLink": "https://us02web.zoom.us/j/82416977925?pwd=vVbKN1OmsW0UKBeiU849GXJ17LIcuY.1",
    "meetingId": "824 1697 7925",
    "passcode": "801422",
    "dialNumbers": [
      "+1 253 205 0468 US",
      "+1 253 215 8782 US (Tacoma)",
      "+1 301 715 8592 US (Washington DC)",
      "+1 305 224 1968 US",
      "+1 309 205 3325 US",
      "+1 312 626 6799 US (Chicago)",
      "+1 346 248 7799 US (Houston)",
      "+1 360 209 5623 US",
      "+1 386 347 5053 US",
      "+1 507 473 4847 US",
      "+1 564 217 2000 US",
      "+1 646 558 8656 US (New York)",
      "+1 646 931 3860 US",
      "+1 669 444 9171 US",
      "+1 669 900 9128 US (San Jose)",
      "+1 689 278 1000 US",
      "+1 719 359 4580 US"
    ],
    "localNumberLink": "https://us02web.zoom.us/u/kkHoKRRBz"
  },
  {
    "id": 4,
    "title": "International Symposium on Application of AI in Manuscript Drafting",
    "description": "Eudoxia Education is inviting you to a scheduled Zoom meeting.",
    "date": "2025-07-19",
    "time": "16:00 - 18:00",
    "platform": "Zoom",
    "type": "Symposium",
    "joinLink": "https://us02web.zoom.us/j/81942234406?pwd=aNBaFFJc7kQtSgWaXq2ncoPMtt1MKE.1",
    "meetingId": "819 4223 4406",
    "passcode": "574507",
    "dialNumbers": [
      "+1 346 248 7799 US (Houston)",
      "+1 360 209 5623 US",
      "+1 386 347 5053 US",
      "+1 507 473 4847 US",
      "+1 564 217 2000 US",
      "+1 646 558 8656 US (New York)",
      "+1 646 931 3860 US",
      "+1 669 444 9171 US",
      "+1 669 900 9128 US (San Jose)",
      "+1 689 278 1000 US",
      "+1 719 359 4580 US",
      "+1 253 205 0468 US",
      "+1 253 215 8782 US (Tacoma)",
      "+1 301 715 8592 US (Washington DC)",
      "+1 305 224 1968 US",
      "+1 309 205 3325 US",
      "+1 312 626 6799 US (Chicago)"
    ],
    "localNumberLink": "https://us02web.zoom.us/u/kg1o8PPPI"
  },
  {
    "id": 5,
    "title": "International Webinar on Qualitative Research Design",
    "description": "Eudoxia Education is inviting you to a scheduled Zoom meeting.",
    "date": "2025-07-23",
    "time": "18:50 - 20:50",
    "platform": "Zoom",
    "type": "Webinar",
    "joinLink": "https://us02web.zoom.us/j/82930358006?pwd=vIP2amGJfwkavYGOCoR8BwlrbZhmZk.1",
    "meetingId": "829 3035 8006",
    "passcode": "327545",
    "dialNumbers": [
      "+1 646 931 3860 US",
      "+1 669 444 9171 US",
      "+1 669 900 9128 US (San Jose)",
      "+1 689 278 1000 US",
      "+1 719 359 4580 US",
      "+1 253 205 0468 US",
      "+1 253 215 8782 US (Tacoma)",
      "+1 301 715 8592 US (Washington DC)",
      "+1 305 224 1968 US",
      "+1 309 205 3325 US",
      "+1 312 626 6799 US (Chicago)",
      "+1 346 248 7799 US (Houston)",
      "+1 360 209 5623 US",
      "+1 386 347 5053 US",
      "+1 507 473 4847 US",
      "+1 564 217 2000 US",
      "+1 646 558 8656 US (New York)"
    ],
    "localNumberLink": "https://us02web.zoom.us/u/kdbHRu7BM"
  },
  {
    "id": 6,

    "title": "Shiksha Samvad - Ek Nayi Soch",
    "subtitle": "National Dialogue on Life Skills & Value-Based Education",
    "description": "\"How can schools systematically integrate life skills & Value based education into their academic curriculum without compromising academic performance?\"",
    "date": "2025-08-20",
    "time": "14:30 - 15:30",
    "platform": "Online (Virtual)",
    "type": "Panel Discussion",
    "poster_url": "https://res.cloudinary.com/dofvmdnc7/image/upload/v1756028328/2a35b16a-8f45-4207-acad-51294bad8f40_gj1rfp.jpg",
    "organizers": [
      "Hermann Gmeiner Degree College, Bhimtal",
      "EdVantage 360 Solutions"
    ],
    "panelists": [
      {
        "name": "Dr. Sreejata Datta",
        "designation": "Principal, Paras Public School"
      },
      {
        "name": "Harleen Mohanty",
        "designation": "Director, AGI Global School Jalandar"
      },
      {
        "name": "Smriti Samuel (Moderator)",
        "designation": "Principal, Mount Litera Zee Greater Noida"
      },
      {
        "name": "Dr. Surbala Paikaray",
        "designation": "Principal, M.D. College of Education Haryana"
      },
      {
        "name": "Dr. Neeti Hooda",
        "designation": "Assistant Professor, University of Delhi"
      },
      {
        "name": "Dr. Ambika Prasad Gaur",
        "designation": "Principal, Hermann Gmeiner School, Varanasi"
      }
    ],
    "coordinators": [
      "Dr. Sushma Singh (Co-ordinator)",
      "Prof. Mukta (Principal)"
    ]
  },
  {
    "id": "evt_8f3a92d7",
    "title": "National Dialogue on Life Skills & Value-Based Education",
    "description": "Dynamic online panel discussion on integrating life skills and value-based education into academic curriculum without compromising academic performance.",
    "date": "2025-08-02",
    "time": "14:30 - 15:30",
    "platform": "Google Meet",
    "type": "Panel Discussion",
    "joinLink": "https://meet.google.com/sgb-qjmf-mkv",
    "poster_url": "https://res.cloudinary.com/dofvmdnc7/image/upload/v1756028671/8d997ee8-51c7-4ef7-9c7a-049bc61c3994.png",
    "organizers": [
      "Hermann Gmeiner Degree College, Bhimtal",
      "EdVantage 360 Solutions"
    ],
    "panelists": [
      {
        "name": "Mandvi Tripathi",
        "designation": "Principal, Lucknow International Public School, Lucknow"
      },
      {
        "name": "Kanika Nikhanj",
        "designation": "Headmistress, Manav Rachna International School, Punjab"
      },
      {
        "name": "Smriti Samuel (Moderator)",
        "designation": "Principal, Mount Litera Zee, Greater Noida"
      },
      {
        "name": "Dr. Mrinalini Singh",
        "designation": "Principal, Prominence World School, Greater Noida"
      },
      {
        "name": "Alka Singh",
        "designation": "Principal, Air Force Golden Jubilee Institute, New Delhi"
      },
      {
        "name": "Neelu Jawla",
        "designation": "Principal, Shree Ram International School, Haryana"
      }
    ],
    "coordinators": ["Dr. Sushma Singh", "Prof. Mukta"]
  },
  {
    "id": "evt_c41b29e5",
    "title": "National Dialogue on Life Skills & Value-Based Education",
    "description": "Dynamic online panel discussion on how schools can systematically integrate life skills and value-based education into their academic curriculum without compromising academic performance.",
    "date": "2025-08-26",
    "time": "14:30 - 15:30",
    "platform": "Google Meet",
    "type": "Panel Discussion",
    "joinLink": null,
    "poster_url": "https://res.cloudinary.com/dofvmdnc7/image/upload/v1756028981/3e8ecd5d-5d93-48ee-b460-d7a69e938e24_fkny0v.jpg",
    "organizers": [
      "Hermann Gmeiner Degree College, Bhimtal",
      "EdVantage 360 Solutions"
    ],
    "panelists": [
      {
        "name": "Ms. Deboleena Chowdhuri",
        "designation": "Principal, Hermann Gmeiner School"
      },
      {
        "name": "Ms. Philomena Gonsalves",
        "designation": "Director Principal, Saraswati Global School, Gr. Faridabad"
      },
      {
        "name": "Ms. Harleen Mohanty (Moderator)",
        "designation": "Director, AGI Global School, Jalandar"
      },
      {
        "name": "Ms. Ruchi Bajaj",
        "designation": "Director, Global Institute for Language and Personality, Janakpuri, Delhi"
      },
      {
        "name": "Dr. Manisha Shewale",
        "designation": "Principal, Dr. Dada Gujar English Medium School (DDEMS), Pune"
      },
      {
        "name": "Ms. Saher M. A. Sayed",
        "designation": "Principal, Hamdard Public School, Sangam Vihar, Delhi"
      }
    ],
    "coordinators": ["Dr. Sushma Singh", "Prof. Mukta"]
  }
]
